coeffs_Jan_AM: {1.0,-0.0025566951268817324,0.05461798301666758,-0.18044779118501725,0.5514205721588854,-0.7696167381763693,0.778497601673922,-0.3698930081147829,0.08448161612878768} 
 
coeffs_Jan_MD: {1.0,-0.0023041705453795635,0.06046897943806695,-0.29693195263977573,0.9172581926377813,-1.6349592333924883,1.7877376534263982,-1.005730055163876,0.25274357385221646} 
 
coeffs_Jan_PM: {1.0,0.002949992925954774,0.018422187258409464,0.004210523196899105,0.06784825416119669,0.009311057758956597,0.023044546261227008} 
 
coeffs_Jan_NT: {1.0,-0.002302215340428547,0.060403161699983325,-0.2964569092856024,0.9155667900122416,-1.6313131624355084,1.783468824921419,-1.003081320547611,0.2520629285359425} 
 
coeffs_Jan_weekend: {1.0,0.0026955723748834774,0.024677007893662117,-0.04684642728284303,0.13086541556197046,-0.12302611105711544,0.08844853615043494,-0.018734027505232165} 
