coeffs_Jan_AM: {1.0,-0.0025227800120277053,0.05370770032641964,-0.1735473042151058,0.525884473217195,-0.7163186494468742,0.7161199214957603,-0.3317503953508532,0.07475832743604732} 
 
coeffs_Jan_MD: {1.0,-0.0023202142079655403,0.06039472607863421,-0.29631414427187114,0.915076310476379,-1.6302612240491556,1.7822406184111028,-1.0023180524177249,0.25187048662968425} 
 
coeffs_Jan_PM: {1.0,0.0030983813846579174,0.01820018310525856,0.00490653274402756,0.06661803763245588,0.010598337699848265,0.022378498771854365} 
 
coeffs_Jan_NT: {1.0,-0.002308878373645105,0.06038158948647586,-0.29625606126068077,0.9148889186158314,-1.6299253974145678,1.781880451729143,-1.002116433012077,0.2518269699485278} 
 
coeffs_Jan_weekend: {1.0,0.002693510594440488,0.02467913478141625,-0.046819011663659975,0.13081552684719702,-0.12295157732032565,0.08838574975959121,-0.01871903403861643} 
