coeffs_Oct_AM: {1.0,-0.001115291422197628,0.04595332575240111,-0.20429284015517168,0.573875674613773,-0.9659087606587407,1.0150385441545926,-0.5553325935200069,0.13958409973435928} 
 
coeffs_Oct_MD: {1.0,-0.0001350802249720651,0.00025583842848899904,0.0418605306642509,-0.14750615934542494,0.26979250802793636,-0.1894537990809248,0.0687608890266414} 
 
coeffs_Oct_PM: {1.0,-0.0011153224971490864,0.04611187723460049,-0.20513561401669553,0.5776049793727488,-0.9733301350629918,1.0236540343962899,-0.5607715808072344,0.14091485560918435} 
 
coeffs_Oct_NT: {1.0,-0.00012284715481110435,-2.372701713205917e-5,0.04402593999937371,-0.15499194105003306,0.27903970292306124,-0.1970497772517205,0.0711334090082395} 
 
coeffs_Oct_weekend: {1.0,0.00011524634162595638,0.0017027686865015846,-0.002762391159212874,0.002486103437297933,-0.0008249710245116578} 
