coeffs_Jul_AM: {1.0,-0.0013635459667386282,0.04244792511255525,-0.10220652931759938,0.2640056229569787,-0.18783042081959725,0.12204298540273065,0.02932662667010069,-0.012731214453487655} 
 
coeffs_Jul_MD: {1.0,0.0022933646798770093,0.017594191401138312,0.001042822472991074,0.07107696198302939,0.006773394109634616,0.025328619665276338} 
 
coeffs_Jul_PM: {1.0,-0.0014537033595107005,0.04519763603923146,-0.12318803219313226,0.3419096609050075,-0.3504827711045744,0.31243117946539745,-0.08740144683885662,0.016907626525902206} 
 
coeffs_Jul_NT: {1.0,0.009820821849477074,0.02195061031612893,0.022678396093486552,0.02037680751410509,0.004608113168522243} 
 
coeffs_Jul_weekend: {1.0,0.0033647644626589156,0.010119577730537573,-0.009721945607926443,0.023066573851972257,-0.012532315426972664,0.004546389025538504} 
