coeffs_Apr_AM: {1.0,-2.4365384252109123e-6,0.013905729315116286,0.08375806949229021,-0.42757634939145533,1.210499842190289,-1.4728112093336052,0.99993711204484,-0.2504765175397673} 
 
coeffs_Apr_MD: {1.0,0.0008625489603073774,0.026899131132606894,-0.034739426175987395,0.15658485567632618,-0.09974719598571857,0.10549528222720789,-0.01504612847657396} 
 
coeffs_Apr_PM: {1.0,5.9156666339012985e-6,0.014096173709996369,0.08249960601387127,-0.4227626643469435,1.2003953566554912,-1.4610139608999642,0.9926058626518488,-0.24863502458671197} 
 
coeffs_Apr_NT: {1.0,0.009950266027887976,0.024458541880303414,0.028565360236417876,0.026594648611559905,0.007386479148620098} 
 
coeffs_Apr_weekend: {1.0,0.002362841189046993,0.008903811675570453,-0.010977038103392489,0.02170830736284281,-0.013566781319125578,0.004230381568916276} 
