coeffs_Apr_AM: {1.0,-2.506547197400353e-6,0.013952037989608125,0.08338799329435709,-0.4261800453941833,1.2075254022647366,-1.4692813567575542,0.997745198124765,-0.24991112352858} 
 
coeffs_Apr_MD: {1.0,0.0008494949685099056,0.02693395106109018,-0.03478651409001616,0.15653175849899514,-0.0996180887833901,0.10550775250668781,-0.015084381205915995} 
 
coeffs_Apr_PM: {1.0,9.58541933723029e-5,0.013171478271465144,0.08891395852315331,-0.4462524734095193,1.247898525158597,-1.5154055465726903,1.0254553529248356,-0.2567504590144793} 
 
coeffs_Apr_NT: {1.0,0.009940356704738416,0.024498307029649266,0.028491926565930973,0.026722413103205184,0.0072996088853514805} 
 
coeffs_Apr_weekend: {1.0,0.002365153834369863,0.008897686774463141,-0.010976365820329653,0.021677867491019537,-0.013568538294593853,0.0042219046931403804} 
