coeffs_Jan_AM: {1.0,-0.0003538077907278969,0.03429630584123055,-0.028888984832321916,0.00988624273127275,0.32422136659327283,-0.478362599836525,0.3803955375215328,-0.10264903241135534} 
 
coeffs_Jan_MD: {1.0,0.003968981608240283,0.0018804694961807144,0.0005063755603752776,0.00011473847309133187,-1.1286856904827152e-5,5.828883946061835e-6} 
 
coeffs_Jan_PM: {1.0,-0.0003470530128280061,0.03365480352904097,-0.025303735035488006,-0.002946576187329437,0.35179250147673224,-0.5080164756168558,0.39924852978944453,-0.10710290346237086} 
 
coeffs_Jan_NT: {1.0,0.0013392912169719088,0.00042083574862002935,5.095477633912191e-5,3.461659620976979e-5,-1.951561167197292e-5,5.699695671494743e-6} 
 
coeffs_Jan_weekend: {1.0,-0.00011135964409521219,0.00572157678149967,-0.013758833557702885,0.019964512600161115,-0.01430359590328793,0.0040817707377739714} 
