coeffs_Oct_AM: {1.0,-0.00028871718233602943,0.029755292021240318,-0.0031020020104353106,-0.08504884035778121,0.5235134788794688,-0.6963327332153291,0.5179267749654192,-0.1352488455764235} 
 
coeffs_Oct_MD: {1.0,0.01008032229917167,-0.019600520905442665,0.009687747713511906,0.0040089265894081485,0.0006209834900697351,1.0711605327045585e-5,8.672074645438145e-6} 
 
coeffs_Oct_PM: {1.0,-0.00029428868111172656,0.029744051727354674,-0.002958334908450883,-0.08537853379019089,0.5243950566837752,-0.6972739265294721,0.5185433299362564,-0.13539337877627863} 
 
coeffs_Oct_NT: {1.0,0.0018776669004402686,-0.0009987886734544452,-0.00017520482961251864,0.00011155508985406207,5.3416096772019304e-5,-1.1764901456576369e-5,4.113804170370315e-6} 
 
coeffs_Oct_weekend: {1.0,0.0003855599939320419,-0.001145657625950229,4.2477423113311714e-5,-7.511254558063325e-6,2.1661661030496808e-5,-1.5232026953044622e-5,4.402158468049322e-6} 
