coeffs_Jul_AM: {1.0,-0.0015262633425194546,0.0536898271410055,-0.1694332010735469,0.49405540420142546,-0.6983135589482856,0.6596802905082108,-0.32005375039483774,0.06836663523498254} 
 
coeffs_Jul_MD: {1.0,0.0049642150629854425,-0.017012610607302525,0.021865004024058412,-0.0062448091603254504} 
 
coeffs_Jul_PM: {1.0,-0.0027164358876289427,0.05800178858775817,-0.19615863595282743,0.6189850809397657,-0.9089864245297218,0.9341703725786625,-0.4706915641381339,0.10841943680491518} 
 
coeffs_Jul_NT: {1.0,0.0012321464748492248,0.00042603494572221673,-0.0003400599664004594,1.2603916912867038e-5,-3.705273979353544e-5,2.7566876063758064e-5,-7.74173196525162e-6} 
 
coeffs_Jul_weekend: {1.0,5.9593542776510664e-5,0.0015604131216759125,-0.0019476475469453018,0.0006853316342497794} 
