coeffs_Apr_AM: {1.0,-0.0032464810863209325,0.05700580983442665,-0.1972766399157653,0.6238398731129027,-0.9076334626920448,0.9460179730142756,-0.4705365414076163,0.11000807406467585} 
 
coeffs_Apr_MD: {1.0,0.0035445000802710766,0.0009218820776173658,0.00021094823121993456,-3.945470907276352e-6,4.569115110691967e-5,-2.5861511827144647e-5,7.686996200387868e-6} 
 
coeffs_Apr_PM: {1.0,-0.00011368445531882558,0.03230497906550605,-0.01631851591413117,-0.042977226229544085,0.4234874230255618,-0.5965492526623135,0.4510483051114287,-0.1200866919005156} 
 
coeffs_Apr_NT: {1.0,0.001056867208164986,0.000593959495612304,0.0007544233104873743,-0.0002494608227629697,0.00013262306600621211,-0.00011386335573000043,3.246431069545651e-5} 
 
coeffs_Apr_weekend: {1.0,3.5767506807470135e-5,0.0009797471129327582,0.0017374457304753076,2.8553910224240418e-5,0.00015100203249400663,-0.00010462423151630406,2.967669930411759e-5} 
