coeffs_Jan_AM: {1.0,-0.003235064028693924,0.05731769648284289,-0.19563364353028873,0.6223837704624415,-0.9034158617905115,0.9388720217522724,-0.468614502431968,0.1088145019612962} 
 
coeffs_Jan_MD: {1.0,0.02083901012523145,0.020859278039852495,0.011438771050211264,0.003642633504977481,0.0005969022002181968,5.027277570587298e-5} 
 
coeffs_Jan_PM: {1.0,-0.0032911147495300157,0.05716352566507678,-0.1959178358510771,0.622724274177005,-0.9034464983958226,0.9404375065865873,-0.4685770118071956,0.10906162396529763} 
 
coeffs_Jan_NT: {1.0,0.02089580260844963,0.020357708972639835,0.011700020274961555,0.004068065124069853,0.0007505284218737582,6.884037882132404e-5} 
 
coeffs_Jan_weekend: {1.0,0.0035879132183230258,0.01395368473069224,-0.004654287124375666,0.025917152712408454,-0.012490346143011189,0.004400582465474657} 
