coeffs_Oct_AM: {1.0,-0.0011153524048163744,0.04598248853522661,-0.20437268901138492,0.5743196599790064,-0.9666101329690758,1.0158658445533018,-0.5558370304451089,0.13968368720843558} 
 
coeffs_Oct_MD: {1.0,-0.0001606781783632908,0.0007908336014920675,0.03981527682197841,-0.14202975833192732,0.2621177308451479,-0.18393206523816114,0.0673260186833764} 
 
coeffs_Oct_PM: {1.0,-0.0011227522592640426,0.04597717275702326,-0.20444537911430538,0.5744864780323358,-0.9671684861548957,1.0165534442793416,-0.5562557257769223,0.13982540946239677} 
 
coeffs_Oct_NT: {1.0,-0.00015730143855143366,0.0007304866111628527,0.03994406897618623,-0.14255588588353746,0.2627904426327652,-0.18442248255079055,0.06747284507654633} 
 
coeffs_Oct_weekend: {1.0,0.00011524634162595638,0.0017027686865015846,-0.002762391159212874,0.002486103437297933,-0.0008249710245116578} 
