coeffs_Apr_AM: {1.0,-0.003408519219263562,0.05674298552011602,-0.19636922849388155,0.6219070749043412,-0.9011224250449177,0.9406936545851253,-0.46645937753439887,0.10915599050437182} 
 
coeffs_Apr_MD: {1.0,0.0015481593025581577,0.029323058154222648,-0.032553135165015484,0.15374995061269006,-0.10948432452562677,0.09677735957703013,-0.01820551132823902} 
 
coeffs_Apr_PM: {1.0,-0.0030250873306106097,0.0577279373430877,-0.19563238534486357,0.6206959713227526,-0.9059628599980334,0.9361430773906184,-0.46948272481674985,0.1085835645090669} 
 
coeffs_Apr_NT: {1.0,0.0010798837667405766,0.02854400670973615,-0.03198431798095846,0.1576018982026156,-0.10354016246099941,0.10083926229632871,-0.017060531055932263} 
 
coeffs_Apr_weekend: {1.0,-0.002850547011095215,0.05353641001670464,-0.20955278058739954,0.5822677735847609,-0.9258195024408308,0.8922882774898359,-0.46856163111808585,0.1038912561722841} 
