coeffs_Jul_AM: {1.0,-0.003440674703256057,0.05674705105062793,-0.1961773935962729,0.622467838604468,-0.9007722855485659,0.9405032667008099,-0.4666354872113497,0.10902948540662086} 
 
coeffs_Jul_MD: {1.0,0.0010875860335570794,0.028713664850039945,-0.03159653789932959,0.15774471723572173,-0.10390652588640205,0.10016789257767268,-0.017288393915859946} 
 
coeffs_Jul_PM: {1.0,-0.003471861008014012,0.05672234697645859,-0.1968479378837476,0.6246525371112633,-0.9047733935456956,0.9457612129382171,-0.4692776495339765,0.10982692523458616} 
 
coeffs_Jul_NT: {1.0,0.0011483296798111377,0.028797033999003168,-0.031621120751209125,0.15765188589190043,-0.10419816977801578,0.10010017798242896,-0.017335115247219073} 
 
coeffs_Jul_weekend: {1.0,0.006334226053083058,0.001622367392146983,0.0004946625541712732,5.9632151766826856e-5,-2.9653958449299094e-6} 
