coeffs_Oct_AM: {1.0,-0.0029073059008340317,0.05770376583529579,-0.19556093392926516,0.6184232021162711,-0.903236116335592,0.9317505199230841,-0.46718697650889424,0.10792798460113089} 
 
coeffs_Oct_MD: {1.0,-0.002767723769386538,0.05797091007575211,-0.19607929220155812,0.6184903543703968,-0.9079578028988511,0.9328924380174866,-0.4696432541932029,0.10822839701620628} 
 
coeffs_Oct_PM: {1.0,-0.002914440198192276,0.057713500616509934,-0.19558846032630509,0.6187159676209292,-0.903722508995836,0.9322404791213778,-0.467575284230288,0.10799488460773485} 
 
coeffs_Oct_NT: {1.0,0.0015625939394298635,0.0290388564592433,-0.03318466166055784,0.15430181440547402,-0.10866412981400518,0.09827433091466363,-0.017894349506032154} 
 
coeffs_Oct_weekend: {1.0,0.009187704232606496,0.0037415918841345462,0.0008524633374170118,0.00011619846918792048,7.663222342117885e-6,5.531565827329825e-7} 
