coeffs_Jul_AM: {1.0,-0.0013911256767386623,0.04298625448776961,-0.10598085711343212,0.2782643584967609,-0.21754433615834118,0.156781657040662,0.007768872411319742,-0.007341352065883679} 
 
coeffs_Jul_MD: {1.0,0.0022972436560660487,0.0175603234797643,0.0010825714816482188,0.07105700772194162,0.006759934167204339,0.025347480629633372} 
 
coeffs_Jul_PM: {1.0,-0.0013873991316329748,0.04321661753561074,-0.10814864695601578,0.286009337587207,-0.23392245119089314,0.17610493540056757,-0.0037530485770089633,-0.004274291428478358} 
 
coeffs_Jul_NT: {1.0,0.009856199748017356,0.02197223674031366,0.02263248843215624,0.020310391675916892,0.004510448468180859} 
 
coeffs_Jul_weekend: {1.0,0.0033679333857391147,0.010049163449965889,-0.00941977456933218,0.022811059660132867,-0.012447386234442224,0.004385378367260844} 
